21627	
12985	
12869	
12868	
12816	
12504	
12903	
12914	
12471	
12596	
13052	
12913	
12769	
12787	
12902	
12954	
12522	
12540	
12612	
12641	
12894	
12947	
12850	
12773	
12841	
13002	
12134	
12143	
12254	
12194	
12863	
12116	
12449	
12735	
12081	
12758	
12843	
12634	
12712	
12960	
12547	
12494	
12911	
12925	
12389	
12532	
13049	
12515	
12713	
12782	
12094	
27659	
27607	
11312	
11305	
11300	
11304	
11418	
11416	
2438	
2433	
2413	
2396	
2392	
13944	
14297	
14170	
14157	
13956	
13964	
14089	
14217	
14233	
14215	
13538	
13611	
14286	
14018	
14142	
14024	
13300	
13294	
13078	
13180	
13676	
13177	
13178	
13137	
13978	
13361	
13306	
13138	
13907	
13618	
13918	
13909	
14324	
13902	
14334	
14214	
13916	
13890	
13212	
13194	
13113	
13362	
13875	
13866	
28442	
28443	
2002	
2116	
2079	
2061	
1489	
1479	
1497	
1507	
1184	
1065	
1613	
1088	
1669	
1100	
1112	
1117	
1124	
1026	
1136	
1303	
1255	
1253	
1160	
1243	
1163	
1231	
1666	
1219	
1208	
1224	
1611	
1356	
1368	
1396	
1308	
1236	
1477	
1025	
1581	
1073	
1036	
1511	
1047	
1501	
1481	
1344	
1471	
1451	
1449	
1441	
1431	
1177	
1144	
1491	
1461	
1213	
1476	
1275	
1466	
1165	
1654	
1467	
1474	
1241	
1031	
1211	
1619	
1599	
986	
972	
984	
976	
978	
974	
8877	
8930	
8771	
8746	
8738	
8773	
8734	
8762	
8864	
8837	
8691	
8690	
8697	
8692	
8698	
8780	
8778	
8779	
8832	
8833	
9036	
8760	
8735	
8751	
8843	
8842	
38659	
39582	
39209	
38544	
36643	
37157	
40019	
38711	
39632	
37961	
35794	
39806	
39062	
37136	
40133	
38969	
38971	
37644	
39221	
39638	
38588	
39606	
36776	
36765	
38997	
36626	
35901	
38123	
38575	
38923	
37358	
37027	
35939	
35960	
35607	
38084	
38293	
37405	
37378	
35445	
35446	
38957	
39206	
40167	
39702	
38729	
38656	
10960	
27827	
27740	
27773	
2638	
2545	
41405	
41403	
41439	
41438	
41441	
41479	
41474	
41472	
41470	
41468	
41465	
41427	
41462	
41461	
41460	
41456	
41453	
41452	
41451	
41449	
41445	
41444	
41443	
41442	
28240	
28656	
41421	
41473	
41467	
41454	
41496	
41509	
41512	
41516	
41491	
41333	
41380	
41436	
41502	
41517	
28678	
28154	
28265	
42043	
42003	
42041	
42001	
42044	
42004	
42010	
42050	
42048	
42008	
42002	
42042	
42049	
42009	
42007	
42047	
42005	
42045	
42006	
42046	
15395	
15376	
15183	
14627	
14844	
14827	
14903	
14929	
14885	
14853	
14739	
14465	
15386	
15384	
15300	
15397	
15594	
15578	
15521	
15363	
15303	
14906	
14922	
15302	
15436	
14502	
14496	
14612	
14468	
42729	
42730	
42512	
42513	
42683	
42685	
42682	
42506	
42471	
42505	
42504	
42287	
42484	
42336	
42428	
42261	
42257	
42247	
42255	
42516	
42500	
42498	
42260	
42237	
42285	
42370	
42439	
42465	
42692	
42555	
42653	
42659	
42445	
42364	
42450	
42304	
42492	
42585	
42518	
42324	
42646	
42309	
42295	
42342	
42661	
42318	
42415	
42352	
42322	
42316	
42308	
42425	
42317	
42372	
42359	
42408	
42333	
42407	
42392	
5538	
5539	
5501	
5603	
8000	
5578	
5516	
5506	
7984	
5527	
7964	
5524	
7951	
8094	
7955	
7971	
5563	
5553	
5601	
8101	
5591	
5592	
28451	
28452	
28449	
28450	
2252	
2251	
45450	
45451	
41247	
41238	
30120	
30749	
30214	
29284	
29215	
30858	
29149	
29152	
30548	
28827	
30190	
28971	
29048	
29273	
28774	
30424	
30184	
29283	
29227	
30632	
29180	
30320	
30075	
30857	
30174	
29953	
30547	
29856	
29621	
30683	
29971	
29964	
29994	
30042	
30605	
29973	
30033	
30674	
29966	
29969	
29424	
30041	
30302	
30794	
30162	
30856	
30565	
30500	
30522	
29746	
29289	
30777	
29928	
30180	
29883	
30189	
29030	
30638	
30343	
30663	
30108	
29268	
29297	
29336	
29186	
29804	
29381	
29680	
30151	
29184	
29182	
29679	
29678	
28992	
28993	
29745	
29200	
16026	
15871	
15879	
15814	
16488	
16200	
16083	
16073	
16404	
16024	
16477	
16481	
16536	
16529	
16177	
16473	
15625	
15641	
16082	
15939	
15665	
15956	
16264	
15684	
15688	
15671	
15669	
16223	
16510	
16330	
15789	
15858	
16468	
16267	
16325	
16316	
16283	
16463	
16025	
15794	
28434	
28435	
28433	
28432	
12040	
11838	
11810	
11534	
12034	
12016	
11709	
11822	
11950	
11858	
11869	
11766	
11595	
11785	
11942	
11773	
11849	
11715	
42071	
42121	
42075	
42125	
42122	
42072	
42078	
42128	
42073	
42123	
42130	
42080	
42077	
42127	
42079	
42129	
42074	
42124	
42126	
42076	
41843	
41774	
41822	
41947	
41891	
41841	
41846	
41894	
41777	
41825	
41815	
41898	
41946	
41779	
41817	
41778	
41829	
41826	
41816	
41897	
41814	
41824	
41772	
41893	
41780	
41830	
41820	
41850	
41900	
41895	
41848	
41828	
41775	
41819	
41773	
41842	
41812	
41941	
41823	
41813	
41942	
41847	
21715	
21714	
21717	
21828	
21840	
21756	
21751	
21792	
21901	
21781	
21707	
21888	
21731	
21729	
21696	
21682	
21670	
21699	
21713	
21684	
21701	
665	
58	
546	
544	
457	
55	
505	
713	
472	
462	
686	
487	
850	
587	
523	
938	
104	
42	
305	
65	
106	
46	
396	
130	
34	
148	
404	
235	
167	
888	
207	
221	
312	
249	
326	
317	
238	
371	
901	
877	
725	
291	
385	
51	
37	
134	
196	
410	
377	
310	
307	
120	
352	
197	
887	
142	
734	
760	
830	
848	
942	
436	
846	
900	
321	
140	
75	
657	
733	
319	
726	
257	
600	
668	
98	
96	
743	
526	
930	
672	
782	
446	
931	
395	
754	
963	
67	
136	
147	
959	
152	
796	
471	
573	
558	
577	
752	
322	
579	
161	
925	
100	
97	
234	
408	
90	
715	
334	
403	
172	
440	
706	
236	
182	
692	
495	
688	
535	
267	
266	
53	
497	
188	
190	
500	
195	
390	
503	
527	
384	
259	
200	
517	
834	
348	
617	
663	
453	
253	
10	
212	
359	
358	
5	
1	
857	
865	
636	
633	
922	
435	
680	
757	
511	
501	
951	
583	
678	
769	
520	
556	
772	
695	
763	
564	
515	
64	
911	
932	
619	
486	
872	
299	
38	
288	
346	
163	
737	
914	
745	
454	
933	
916	
899	
852	
751	
561	
504	
484	
470	
464	
461	
616	
606	
52	
298	
895	
192	
95	
218	
337	
362	
945	
447	
735	
210	
553	
679	
237	
821	
125	
222	
661	
910	
422	
654	
684	
755	
662	
671	
459	
479	
255	
418	
7	
13	
27	
469	
320	
204	
88	
21	
919	
927	
935	
398	
48	
211	
233	
345	
230	
356	
128	
295	
383	
121	
206	
109	
93	
41	
25	
232	
177	
365	
391	
378	
968	
727	
10602	
10639	
10601	
10606	
10531	
10574	
10622	
10596	
10548	
10533	
10543	
10641	
10599	
10579	
10580	
10576	
10571	
10608	
10564	
10614	
10594	
10542	
10623	
10565	
10638	
6991	
6989	
11022	
10076	
11018	
11059	
11042	
11058	
11082	
10139	
10111	
11073	
11242	
10240	
10468	
10224	
11115	
10288	
10289	
10430	
10460	
11122	
10073	
9998	
10440	
11052	
11080	
10148	
10428	
10410	
10448	
11139	
11255	
10271	
11109	
11233	
10083	
10358	
10357	
10180	
10181	
10435	
11176	
11021	
10335	
17221	
17214	
17229	
17270	
17317	
17318	
17423	
17449	
7090	
7137	
7378	
7393	
7389	
7142	
7399	
7401	
7113	
7480	
7471	
7387	
7523	
7487	
7364	
7204	
7229	
7202	
7413	
7412	
7121	
7120	
7420	
7419	
7102	
7076	
7094	
7196	
7193	
1887	
1876	
1873	
1886	
1881	
1871	
1884	
1880	
1879	
41752	
41750	
25790	
25883	
24433	
24432	
25773	
25781	
25776	
25775	
25774	
25782	
22163	
22861	
22806	
22051	
22052	
22769	
22764	
25899	
25888	
25755	
24483	
24484	
23413	
22515	
22631	
23402	
22445	
22672	
23291	
23129	
25779	
24793	
22770	
22765	
25882	
24668	
23545	
23052	
24108	
24109	
24107	
22203	
25635	
25878	
23288	
23250	
24671	
23634	
22862	
24638	
24113	
23236	
22925	
22919	
24145	
22597	
23734	
25403	
24708	
25421	
22767	
22762	
25575	
25671	
23777	
23776	
23339	
23340	
23787	
25343	
23459	
23975	
23611	
23375	
22355	
23973	
25718	
22690	
22196	
22832	
25572	
22082	
22086	
24331	
22967	
24366	
22274	
23940	
22833	
22693	
22766	
22771	
24489	
22900	
22247	
22901	
24084	
24085	
24177	
22908	
23300	
24150	
22831	
23297	
25660	
25393	
22763	
22768	
24358	
25501	
25170	
25169	
25171	
23391	
23394	
24890	
24889	
25577	
24941	
22465	
22403	
22864	
23044	
23802	
22410	
22409	
24684	
24829	
23841	
25615	
24225	
24682	
24683	
22429	
23589	
23443	
25450	
25454	
22707	
24594	
24530	
24029	
24533	
24532	
22756	
22755	
23583	
23529	
22426	
24947	
23072	
22891	
23959	
25216	
25217	
23428	
24743	
25068	
25100	
22920	
22260	
23687	
23689	
23704	
41652	
41545	
41602	
41577	
41662	
41624	
41564	
41644	
41587	
41623	
41612	
41552	
41570	
41659	
41547	
41654	
41628	
41538	
41648	
41618	
41639	
41635	
41561	
41548	
41611	
41544	
41604	
41651	
41605	
41620	
41579	
41630	
41607	
41566	
41546	
41666	
41563	
41540	
41603	
41650	
41608	
41551	
41585	
41565	
41653	
41541	
41625	
41622	
41643	
41609	
41557	
41656	
41567	
41543	
41619	
41621	
41661	
41655	
41562	
41542	
41558	
41599	
41636	
41631	
41560	
41600	
41627	
41606	
41657	
41629	
41598	
41649	
41559	
41539	
28013	
28014	
27907	
28049	
27911	
28007	
28009	
28011	
4791	
4788	
4813	
4797	
4769	
4804	
4731	
4792	
4787	
4811	
4810	
4809	
4734	
4807	
4841	
4770	
4798	
4709	
4843	
4879	
4886	
4760	
4745	
4191	
4357	
5331	
5461	
5473	
4385	
5264	
5462	
5225	
5237	
5243	
5260	
5263	
5268	
5271	
5273	
5274	
5282	
5337	
5339	
5343	
5361	
5383	
5418	
5419	
5471	
3918	
5293	
5311	
5270	
5241	
5326	
5265	
5424	
5342	
5400	
5423	
5442	
4143	
5356	
5395	
5308	
5360	
5369	
5386	
5321	
5368	
5485	
5322	
5329	
5403	
5320	
5416	
5290	
5316	
5441	
5440	
5254	
5253	
5486	
5439	
5226	
5310	
4550	
4552	
4514	
4522	
4602	
4621	
4512	
4509	
6583	
6556	
6632	
6630	
6563	
6560	
6760	
6637	
4529	
4515	
4703	
4673	
4705	
4557	
6946	
6851	
17666	
17773	
17725	
17654	
17632	
18327	
17778	
18183	
18400	
17758	
18240	
18216	
18012	
18369	
17661	
17574	
18119	
17680	
17635	
17779	
3797	
3786	
3697	
3808	
3903	
3892	
3811	
3801	
3713	
3703	
3733	
3722	
3712	
3702	
3692	
3602	
3774	
3670	
3716	
3706	
3891	
3584	
3761	
3752	
3599	
3598	
3641	
3653	
43184	
43036	
43193	
43009	
43321	
43105	
43096	
43010	
43206	
42904	
43984	
44967	
44571	
44078	
44930	
44246	
44576	
44494	
44977	
44307	
44154	
44941	
43488	
43554	
44452	
44269	
44300	
44399	
45062	
44180	
44566	
44561	
44771	
44627	
44982	
44825	
44533	
44777	
44776	
44773	
44974	
44936	
44317	
44943	
44648	
44954	
44222	
44189	
44389	
44386	
44838	
44372	
45049	
44261	
44986	
44898	
44318	
44588	
44461	
44488	
45028	
44553	
44702	
44889	
45040	
44216	
44254	
44370	
44547	
44912	
44339	
44880	
44899	
44366	
44907	
44887	
44483	
44628	
44438	
44665	
44872	
44515	
44544	
45037	
44615	
44504	
44785	
44271	
45014	
44223	
44997	
44970	
44937	
44955	
44971	
44502	
44340	
44915	
44629	
45006	
44456	
44214	
44446	
44897	
44895	
44933	
44423	
44972	
44221	
44649	
44516	
44486	
45055	
44546	
44616	
44983	
44942	
44604	
44700	
44596	
44194	
44841	
45018	
44315	
45038	
44215	
44458	
44753	
44647	
44733	
44698	
44750	
44978	
44524	
44900	
45005	
44839	
44742	
44416	
44220	
44575	
44251	
45017	
44920	
44509	
44956	
44462	
44611	
45029	
44623	
44209	
44192	
44470	
44610	
44801	
44335	
44248	
44624	
45003	
44703	
44603	
44778	
44643	
44449	
44557	
44193	
44917	
44371	
44888	
44905	
45008	
44453	
44586	
44364	
44639	
44508	
44618	
44191	
43958	
42794	
43081	
43078	
43070	
43068	
42825	
42826	
42827	
42828	
42829	
42830	
42831	
42832	
42833	
42837	
42838	
43950	
42839	
42840	
43897	
43898	
42871	
42994	
43054	
43053	
43562	
43563	
44037	
44036	
44035	
44034	
44033	
43819	
43813	
44148	
44147	
44024	
44019	
43636	
43633	
43641	
43632	
43631	
43630	
43651	
43652	
43629	
43600	
43599	
43598	
43597	
43593	
43592	
43695	
43588	
43698	
43703	
43715	
43587	
43718	
43719	
43720	
43721	
43722	
43586	
43724	
43725	
43726	
43734	
43573	
43736	
43737	
43738	
43739	
43740	
43741	
43747	
43748	
43750	
43561	
43761	
43634	
43635	
8671	
8670	
8677	
8686	
8676	
8683	
7020	
7026	
31588	
31035	
33383	
32506	
31002	
31340	
32484	
33019	
32390	
31554	
31485	
31827	
33610	
33128	
32818	
31419	
31543	
31422	
32460	
31318	
30990	
31241	
31097	
33590	
32761	
32694	
31044	
32454	
31553	
32934	
33422	
33771	
31497	
32902	
31450	
32590	
33858	
32345	
33127	
33458	
32817	
32444	
32223	
33993	
32126	
31891	
33770	
33781	
33576	
33619	
32953	
32241	
32234	
32264	
32243	
32312	
32875	
32944	
32303	
32236	
32239	
34030	
34185	
32311	
31694	
31560	
33525	
32558	
33730	
33909	
33064	
32572	
33469	
32936	
33466	
33289	
33729	
32835	
32770	
32792	
32432	
33436	
33126	
32016	
31559	
31972	
34259	
32198	
33047	
32450	
32153	
33142	
34317	
32459	
32908	
31300	
30948	
30955	
32933	
32613	
32585	
34181	
31567	
31606	
32378	
31538	
31456	
31651	
32074	
32421	
31950	
31452	
31454	
31531	
31034	
33414	
33443	
31948	
31949	
31590	
33245	
34283	
34060	
31262	
31263	
32015	
31470	
9930	
9928	
9897	
9309	
9750	
9903	
9571	
9684	
9829	
9699	
9760	
9412	
9362	
9801	
9166	
9915	
9956	
9841	
9922	
9933	
9927	
9935	
9887	
9820	
9145	
9257	
9158	
9137	
9149	
9365	
9376	
9342	
9143	
9557	
9176	
9467	
9540	
9539	
9911	
9504	
9738	
9553	
9622	
9636	
41890	
41883	
34764	
34551	
34839	
34755	
34956	
34734	
34622	
34593	
34813	
34971	
35243	
34733	
35288	
34759	
35311	
35129	
34408	
34407	
34394	
34328	
34369	
34632	
34501	
34472	
34491	
34535	
34710	
34742	
34670	
42060	
42030	
42053	
42023	
42022	
42052	
41804	
41803	
42025	
42055	
42027	
42057	
41806	
41805	
42024	
42054	
42058	
42028	
42029	
42059	
42051	
42021	
42026	
42056	
41991	
41791	
20840	
18663	
19202	
19363	
20845	
19769	
20754	
19454	
19782	
20256	
20268	
20292	
26140	
26164	
26059	
26060	
25994	
26335	
26334	
25993	
25992	
26168	
26352	
26181	
26282	
26353	
26276	
26432	
26179	
26431	
26268	
26265	
25969	
25962	
26158	
26023	
26024	
26122	
26250	
26420	
26037	
26086	
26088	
26157	
26047	
26331	
25966	
26310	
21091	
21088	
21115	
41861	
41868	
41237	
41228	
42092	
42099	
6540	
6549	
6512	
6497	
6509	
6502	
6451	
6522	
5100	
5019	
5013	
5106	
5035	
5012	
4921	
4945	
4950	
41209	
28329	
28334	
41214	
41210	
28330	
28328	
41208	
41212	
28332	
28331	
41211	
41215	
28335	
28336	
41216	
41217	
28337	
28333	
41213	
4408	
4415	
4460	
4469	
4459	
4458	
4400	
4401	
4398	
4397	
4402	
4403	
4409	
4407	
4418	
4452	
4453	
26669	
26499	
26675	
26510	
26801	
26818	
26803	
26608	
26777	
26710	
27167	
27265	
27172	
26842	
26850	
26557	
26534	
26738	
26740	
26867	
26729	
45251	
45161	
45564	
45617	
45387	
45673	
45685	
45550	
45560	
45384	
45568	
45153	
45243	
45558	
45683	
45625	
45156	
45142	
45246	
45672	
45380	
45614	
45622	
45280	
45682	
45670	
45557	
45162	
45551	
45252	
45140	
45168	
45552	
45155	
45245	
45389	
45554	
45158	
45248	
45247	
45167	
45157	
45674	
45680	
45159	
45164	
45249	
45628	
45567	
45160	
45250	
45382	
45244	
45154	
5629	
5991	
5630	
5992	
6000	
5635	
3252	
3253	
6083	
6082	
6211	
6220	
6337	
6227	
6232	
6361	
6400	
2691	
2706	
6392	
6385	
2672	
2791	
6398	
6335	
6331	
6330	
2807	
6360	
6113	
6137	
6263	
6264	
2682	
2681	
6346	
6060	
6342	
6350	
2742	
2728	
6348	
2806	
2754	
6318	
6250	
6410	
2778	
2779	
2814	
6112	
2705	
2704	
6091	
6294	
6345	
6382	
6343	
6301	
6207	
6175	
6039	
2688	
2687	
6141	
6389	
6100	
6069	
6084	
6081	
3131	
3130	
6297	
6286	
3152	
3153	
3162	
3160	
3179	
3180	
6191	
6150	
6252	
6275	
6067	
6274	
6208	
6041	
3013	
3021	
2829	
2830	
2978	
2977	
2979	
2980	
2983	
2982	
2985	
2984	
3091	
3090	
3097	
3096	
6197	
6196	
6229	
6226	
6042	
6276	
6315	
6043	
6045	
2895	
2894	
2898	
2960	
6310	
6312	
2861	
2860	
2848	
2847	
2944	
3039	
3234	
2844	
2843	
2907	
2906	
3020	
3019	
3062	
3187	
3188	
3190	
2833	
2834	
3250	
3251	
3484	
3354	
3321	
3279	
3536	
3511	
3497	
3409	
3273	
3301	
3291	
3537	
3533	
3419	
3272	
3383	
3477	
3312	
3437	
3309	
3311	
3303	
3391	
3298	
3306	
3438	
3380	
3552	
3345	
3375	
3329	
3443	
3556	
3557	
3359	
3532	
12478	
18654	
15964	
15963	
15962	
16146	
16145	
19544	
19725	
18149	
16631	
18005	
18991	
15629	
15628	
15986	
15987	
16230	
14762	
19931	
15926	
12567	
18774	
15755	
15754	
16256	
16255	
15804	
15805	
12476	
12729	
15887	
15888	
16982	
16569	
17392	
15673	
15674	
15862	
15861	
12787	
12789	
13510	
13541	
13523	
13539	
13540	
13782	
13770	
11187	
11168	
11176	
10879	
10361	
10256	
10394	
10827	
10810	
10868	
10778	
10611	
10849	
10820	
10731	
10521	
10549	
10660	
10584	
10751	
10851	
10518	
10846	
10420	
10945	
10606	
10602	
10295	
10736	
10530	
10641	
10271	
10273	
10605	
10861	
10866	
10598	
10593	
10964	
12332	
10281	
10658	
10837	
10689	
10747	
10635	
10929	
10775	
10722	
10842	
10822	
10395	
10886	
10913	
13413	
13414	
11400	
11403	
11402	
11399	
13132	
13131	
14780	
14784	
14796	
14804	
14797	
14803	
12633	
12632	
12348	
12657	
13748	
13752	
13732	
13733	
13683	
13708	
15386	
15359	
15429	
15430	
15355	
15356	
14132	
14131	
14119	
14120	
15238	
15230	
13054	
13053	
11621	
12173	
12157	
11594	
12282	
12342	
12183	
11631	
11588	
12151	
11564	
12138	
11597	
12160	
12171	
11619	
12145	
11571	
11591	
12154	
12164	
11612	
11589	
12152	
12191	
11639	
12159	
11596	
12187	
11635	
12162	
11599	
12168	
11616	
11713	
12316	
12179	
11627	
12167	
11615	
12133	
11559	
12188	
11636	
12056	
11893	
12182	
11630	
11625	
12177	
11558	
12132	
11595	
12158	
12321	
11718	
12319	
11716	
12142	
11568	
11717	
12320	
12155	
11592	
12185	
11633	
12180	
11628	
11642	
12194	
11567	
12141	
12186	
11634	
12140	
11566	
12148	
11574	
11638	
12190	
12153	
11590	
12192	
11640	
12139	
11565	
11620	
12172	
11569	
12143	
12175	
11623	
12136	
11562	
12166	
11614	
12149	
11575	
11560	
12134	
12181	
11629	
11617	
12169	
11613	
12165	
12176	
11624	
12174	
11622	
12189	
11637	
11572	
12146	
12135	
11561	
11570	
12144	
12163	
11600	
11715	
12318	
12193	
11641	
11593	
12156	
12184	
11632	
12317	
11714	
12137	
11563	
11598	
12161	
12178	
11626	
11573	
12147	
12170	
11618	
13493	
13484	
