103	5.000
119	5.000
124	5.000
125	5.000
14	5.000
19	5.000
1ac5ab03d8212c43a511894d7291b707	5.000
20ff45177d11810361a9498dbef6ad54	5.000
22	5.000
26	5.000
27	5.000
28	5.000
31	5.000
370322a6ad8356105e8bc1bc2d143693787758378bb9e878e80b38835f92ce10	5.000
38	5.000
39	5.000
40	5.000
485e71d6510ec58060dd4294bb6b1802532308b668e548c12335402728769c9d	5.000
4cc99e4f5cab141b7e5fa1dc6a723ab3	5.000
4e2b2cfe5d276385ca47990b1e2a144822cb366432e74f86	5.000
50	5.000
58a9f50aa4047aff5e8ed0a5650c5cabf645fad4dcb33657d637e1a1be2870a0	5.000
5fbe10d5ad91b18d2ca9f9cf41a95d3c00b06127005020cd	5.000
669dc0f4219e24bbce2a1fa870e67f25	5.000
70	5.000
92	5.000
95	5.000
c549811c652e303c7f700a222c65c50cdc9c301d216c48c6	5.000
f26d6981097f0dfa360fb4eb6ab24b28	5.000
fa2df0b586682dbcb9bbf7149b0be6d9ddad8217a0898d66	5.000
b861b516efd6655248fd0fba14227fccec494c016b56aed3	4.900
41666c7d43b11007c26e79303dc5e285600cb0563487bb49	4.875
7cf87f78e511f20c5d9158396d3ac46d	4.865
df769022f2fbaf9d5b510117c39cde46b88903f49a0e2556	4.818
cc7f150c74188c774aa4870f2792d251ca818e06c9614546	4.700
0aefb2731577c3f57ecb0fb1c2bde751d64e9517c4eee0b3	4.600
48f3733dfb8f4490d67cbc34ecdbedbc49a41b9699bd9eb4	4.500
d4d8e1d491acabfa169f79eb407829b8c0261c07f60a64a0	4.415
18	4.400
61162380e3832e1481e7b02fdf92ab61b7d5367226b38202	4.252
026be1eff168922789960adf56d75a139b2e5431f783c196	4.250
88c87ecdd9a98fb95e05fe1cfc47a278	4.234
182ffaf196147e72e6e97bf79e69f5008305310773a1adaa	4.200
897dbf9bdfd1b5f69f028b9cd32ddce99ead4e7db7d4deaf	4.200
a49a506d34f4d4a9ac5eb6e02e3061773e565597bf3f2c6b	4.200
f0b6d871a6632c322acebc6486deab97fab421556e9809cab55004715e4d8eeb	4.200
113	4.072
e2edaa0c8c66c6392f6b38a96c95e450a82dc7d144b8aee1	4.034
ffa1feb566e2797f04567c882f4f18e5	3.912
975bd06869dccbc3b74b999a840f68a537795b6c8b833dfe	3.905
